52
31
43
88
21
1
96
66
38
76
34
66
8
11
56
11
15
91
57
10
79
46
49
51
68
45
62
85
6
69
73
92
36
24
65
2
25
46
14
27
3
38
60
22
2
36
70
66
36
55
30
22
12
50
9
69
3
52
82
5
11
33
56
44
18
56
72
60
91
86
71
72
10
64
13
84
72
76
55
65
70
63
95
51
53
9
52
73
53
81
64
64
27
29
78
11
100
60
33
24
77
26
61
90
87
33
36
54
50
45
56
96
35
84
69
60
65
6
49
91
90
41
78
73
39
89
22
54
5
3
76
53
30
29
54
75
41
41
28
62
49
88
12
90
50
55
93
17
24
86
21
12
14
31
49
94
69
70
21
31
77
42
42
1
73
74
68
77
19
96
1
44
52
8
74
57
4
92
55
86
40
63
43
81
2
3
19
98
58
54
72
86
85
3
2
96
62
100
63
0
28
95
0
88
17
89
6
77
21
58
84
98
83
36
51
69
17
96
65
60
36
86
84
67
63
21
9
97
65
42
19
61
71
46
87
16
19
66
98
53
47
39
32
46
65
40
64
67
64
86
10
49
58
71
0
32
58
26
3
91
19
21
46
91
84
99
68
18
38
30
77
100
90
80
99
1
75
89
6
6
6
75
55
19
60
75
14
7
23
57
19
7
78
82
98
35
58
36
100
41
21
27
42
92
82
17
59
77
90
44
98
26
46
80
33
41
66
2
58
24
30
60
50
46
55
98
64
92
63
22
27
8
27
82
41
5
56
4
54
8
15
94
12
96
71
8
84
10
39
83
54
28
57
14
8
65
57
15
61
93
53
98
49
68
14
56
55
33
33
95
30
62
50
12
33
66
90
72
60
98
92
31
28
34
11
4
29
97
51
54
4
7
51
45
54
24
85
22
97
89
74
25
13
94
24
32
88
78
47
58
34
23
22
13
14
6
37
58
24
78
24
66
37
19
38
82
93
51
87
60
16
27
21
46
0
46
57
3
85
18
10
86
94
1
53
21
2
49
83
42
20
20
42
68
30
26
94
78
23
48
65
95
6
47
10
47
71
42
97
31
55
52
80
40
41
19
29
87
15
100
24
79
78
14
34
8
93
66
12
54
52
0
13
59
17
16
14
25
43
67
62
84
47
24
29
63
4
64
92
38
52
51
88
31
15
71
20
10
93
63
77
86
87
53
26
19
40
29
6
92
70
38
13
56
68
95
1
10
55
62
77
36
11
89
39
93
33
18
23
75
28
44
85
69
45
79
78
88
77
77
9
47
66
17
63
12
65
51
83
12
67
30
53
2
1
40
55
25
10
96
5
53
93
18
80
64
76
30
88
23
32
93
78
48
1
98
70
26
40
16
56
43
32
72
0
62
72
90
49
49
7
71
16
12
27
67
40
43
69
4
92
38
0
21
0
73
3
94
60
43
11
29
83
91
72
97
16
42
61
23
19
49
70
61
20
6
95
92
8
40
12
62
64
94
80
24
74
57
89
19
40
70
22
0
14
44
4
18
29
73
7
41
45
5
58
47
50
77
11
16
63
97
7
34
15
61
83
30
11
62
27
24
23
12
94
55
13
28
66
29
61
25
88
37
54
61
19
78
5
78
10
47
23
26
32
41
22
28
25
33
96
9
78
58
45
82
3
90
84
85
2
66
99
61
70
56
90
29
98
87
97
41
62
16
38
47
21
97
26
43
42
25
33
83
85
37
99
11
39
35
7
100
75
24
53
72
5
90
76
43
95
36
65
89
68
78
0
41
64
45
78
52
84
99
42
10
68
48
30
48
18
5
35
32
85
3
12
27
72
96
30
59
13
57
18
6
23
9
76
5
68
75
28
77
81
13
99
35
0
47
35
75
72
10
38
21
57
54
4
79
37
63
80
68
75
57
69
22
66
58
69
34
65
90
36
7
87
58
75
49
13
33
67
46
57
52
39
77
61
60
16
93
69
33
53
10
60
13
38
11
81
21
50
26
87
0
49
15
42
12
42
8
67
15
15
10
42
58
33
61
48
13
67
77
87
74
38
81
72
8
82
94
91
97
96
50
79
29
27
28
12
57
73
86
49
69
70
69
13
65
13
21
24
56
45
20
68
23
56
68
24
87
35
68
82
33
90
33
82
36
87
47
21
80
39
3
60
61
8
4
99
85
42
88
69
82
49
14
75
12
44
11
55
32
18
51
51
49
81
55
3
0
58
95
25
14
90
60
47
92
15
20
57
89
62
44
71
91
25
18
90
26
31
0
45
57
15
18
32
45
